NACA 0001
    1.000000      0.1050000E-03
   0.9911611      0.2077871E-03
   0.9783697      0.3545751E-03
   0.9654001      0.5010964E-03
   0.9524263      0.6453947E-03
   0.9394523      0.7874783E-03
   0.9264783      0.9273974E-03
   0.9135042      0.1065200E-02
   0.9005302      0.1200928E-02
   0.8875561      0.1334623E-02
   0.8745820      0.1466318E-02
   0.8616079      0.1596047E-02
   0.8486337      0.1723835E-02
   0.8356595      0.1849707E-02
   0.8226854      0.1973681E-02
   0.8097111      0.2095773E-02
   0.7967369      0.2215991E-02
   0.7837627      0.2334345E-02
   0.7707884      0.2450834E-02
   0.7578141      0.2565457E-02
   0.7448399      0.2678207E-02
   0.7318656      0.2789072E-02
   0.7188912      0.2898038E-02
   0.7059169      0.3005083E-02
   0.6929425      0.3110182E-02
   0.6799682      0.3213305E-02
   0.6669938      0.3314418E-02
   0.6540194      0.3413481E-02
   0.6410450      0.3510448E-02
   0.6280706      0.3605270E-02
   0.6150962      0.3697891E-02
   0.6021217      0.3788251E-02
   0.5891473      0.3876282E-02
   0.5761728      0.3961913E-02
   0.5631983      0.4045066E-02
   0.5502238      0.4125656E-02
   0.5372493      0.4203592E-02
   0.5242748      0.4278776E-02
   0.5113003      0.4351105E-02
   0.4983258      0.4420467E-02
   0.4853512      0.4486743E-02
   0.4723767      0.4549805E-02
   0.4594021      0.4609517E-02
   0.4464276      0.4665736E-02
   0.4334530      0.4718307E-02
   0.4204784      0.4767067E-02
   0.4075038      0.4811840E-02
   0.3945292      0.4852440E-02
   0.3815547      0.4888668E-02
   0.3685801      0.4920310E-02
   0.3556055      0.4947140E-02
   0.3426309      0.4968912E-02
   0.3296563      0.4985365E-02
   0.3166818      0.4996215E-02
   0.3037072      0.5001158E-02
   0.2907327      0.4999861E-02
   0.2777582      0.4991965E-02
   0.2647837      0.4977076E-02
   0.2518093      0.4954763E-02
   0.2388349      0.4924548E-02
   0.2258606      0.4885901E-02
   0.2128863      0.4838229E-02
   0.1999121      0.4780863E-02
   0.1869380      0.4713041E-02
   0.1739640      0.4633885E-02
   0.1609902      0.4542375E-02
   0.1480165      0.4437303E-02
   0.1350430      0.4317220E-02
   0.1220699      0.4180349E-02
   0.1090971      0.4024468E-02
   0.9612471E-01  0.3846710E-02
   0.8315299E-01  0.3643254E-02
   0.7018216E-01  0.3408777E-02
   0.5721264E-01  0.3135424E-02
   0.4424527E-01  0.2810632E-02
   0.3128338E-01  0.2411793E-02
   0.1841211E-01  0.1892468E-02
   0.7662222E-02  0.1250177E-02
   0.2857062E-02  0.7748700E-03
   0.6380719E-03  0.3677700E-03
   0.6380719E-03 -0.3677700E-03
   0.2857062E-02 -0.7748700E-03
   0.7662222E-02 -0.1250177E-02
   0.1841211E-01 -0.1892468E-02
   0.3128338E-01 -0.2411793E-02
   0.4424527E-01 -0.2810632E-02
   0.5721264E-01 -0.3135424E-02
   0.7018216E-01 -0.3408777E-02
   0.8315299E-01 -0.3643254E-02
   0.9612471E-01 -0.3846710E-02
   0.1090971     -0.4024468E-02
   0.1220699     -0.4180349E-02
   0.1350430     -0.4317220E-02
   0.1480165     -0.4437303E-02
   0.1609902     -0.4542375E-02
   0.1739640     -0.4633885E-02
   0.1869380     -0.4713041E-02
   0.1999121     -0.4780863E-02
   0.2128863     -0.4838229E-02
   0.2258606     -0.4885901E-02
   0.2388349     -0.4924548E-02
   0.2518093     -0.4954763E-02
   0.2647837     -0.4977076E-02
   0.2777582     -0.4991965E-02
   0.2907327     -0.4999861E-02
   0.3037072     -0.5001158E-02
   0.3166818     -0.4996215E-02
   0.3296563     -0.4985365E-02
   0.3426309     -0.4968912E-02
   0.3556055     -0.4947140E-02
   0.3685801     -0.4920310E-02
   0.3815547     -0.4888668E-02
   0.3945292     -0.4852440E-02
   0.4075038     -0.4811840E-02
   0.4204784     -0.4767067E-02
   0.4334530     -0.4718307E-02
   0.4464276     -0.4665736E-02
   0.4594021     -0.4609517E-02
   0.4723767     -0.4549805E-02
   0.4853512     -0.4486743E-02
   0.4983258     -0.4420467E-02
   0.5113003     -0.4351105E-02
   0.5242748     -0.4278776E-02
   0.5372493     -0.4203592E-02
   0.5502238     -0.4125656E-02
   0.5631983     -0.4045066E-02
   0.5761728     -0.3961913E-02
   0.5891473     -0.3876282E-02
   0.6021217     -0.3788251E-02
   0.6150962     -0.3697891E-02
   0.6280706     -0.3605270E-02
   0.6410450     -0.3510448E-02
   0.6540194     -0.3413481E-02
   0.6669938     -0.3314418E-02
   0.6799682     -0.3213305E-02
   0.6929425     -0.3110182E-02
   0.7059169     -0.3005083E-02
   0.7188912     -0.2898038E-02
   0.7318656     -0.2789072E-02
   0.7448399     -0.2678207E-02
   0.7578141     -0.2565457E-02
   0.7707884     -0.2450834E-02
   0.7837627     -0.2334345E-02
   0.7967369     -0.2215991E-02
   0.8097111     -0.2095773E-02
   0.8226854     -0.1973681E-02
   0.8356595     -0.1849707E-02
   0.8486337     -0.1723835E-02
   0.8616079     -0.1596047E-02
   0.8745820     -0.1466318E-02
   0.8875561     -0.1334623E-02
   0.9005302     -0.1200928E-02
   0.9135042     -0.1065200E-02
   0.9264783     -0.9273974E-03
   0.9394523     -0.7874783E-03
   0.9524263     -0.6453947E-03
   0.9654001     -0.5010964E-03
   0.9783697     -0.3545751E-03
   0.9911611     -0.2077871E-03
    1.000000     -0.1050000E-03
